Run semi-empirical minimization
 &qmmm
    qm_theory='AM1', grms_tol=0.0005,
 scfconv=1.d-10, ndiis_attempts=700,   qmcharge=0,
 /
   8    O1      -10.0490       15.1230       30.7630 
   6     C      -11.1010       15.5910       31.1880 
   8    O2      -11.2010       15.8870       32.5630 
   6    CT      -10.0740       15.5220       33.4180 
   6    C1       -9.7130       14.0510       33.3560 
   6    C2      -10.4850       15.9510       34.8080 
   6    C3       -8.8030       16.3130       33.0860 
   6    C4      -12.5320       17.0370       28.3160 
   8     O      -12.2810       16.6350       26.9600 
   6    CA      -12.5490       15.7610       29.1670 
   7     N      -12.2460       15.8890       30.6020 
   6    CB      -13.9560       15.1000       28.9700 
   6    CG      -13.7390       13.6930       29.5020 
   6   CD1      -12.9970       12.7660       28.7290 
   6   CD2      -14.1720       13.3820       30.7950 
   6   CE1      -12.7630       11.5060       29.2800 
   6   CE2      -13.9190       12.1220       31.3290 
   6    CZ      -13.2090       11.2140       30.5720 
   7    N1      -11.0750       19.1190       27.8020 
   6   C21      -11.4330       18.0540       28.7620 
   6   C31       -9.9450       18.7390       26.9160 
   6    C5       -8.6090       19.3190       27.2780 
   8    O3       -8.3400       19.0510       28.6460 
   6   CA1       -7.4140       18.7030       26.4960 
   7    N2       -7.7080       18.5320       25.0900 
   6   CB1       -6.1950       19.5970       26.6430 
   6   CG1       -4.9580       19.0230       25.9760 
   6  CD11       -4.6920       17.6420       25.9880 
   6  CD21       -4.0200       19.8940       25.4040 
   6  CE11       -3.5590       17.0930       25.3860 
   6  CE21       -2.8430       19.3630       24.8440 
   6   CZ1       -2.6190       17.9830       24.8430 
   8   O11       -7.9510       16.2310       25.1650 
   6    C6       -7.9480       17.3340       24.5960 
   8   O21       -8.1860       17.4770       23.2190 
   6   CT1       -8.6140       16.3690       22.3910 
   6   C11       -9.9860       15.8050       22.7650 
   6   C22       -7.6210       15.2080       22.3850 
   6   C32       -8.7230       16.9460       20.9900 
   1  HE21       -2.1830       19.9580       24.4560 
   1  HE11       -3.4260       16.1330       25.3440 
   1  HD21       -4.1800       20.8510       25.3940 
   1  HD11       -5.3190       17.0490       26.4310 
   1  HB31       -6.3890       20.4670       26.2600 
   1  HB21       -6.0130       19.7360       27.5860 
   1  H332       -9.3720       17.6670       20.9860 
   1  H331       -9.8690       17.7720       26.9130 
   1  H322       -7.8590       17.2880       20.7120 
   1  H321      -10.1610       19.0090       26.0100 
   1  H311       -9.0080       16.2520       20.3750 
   1  H232       -6.7660       15.5150       22.0460 
   1  H231      -11.7280       18.4760       29.5840 
   1  H222       -7.5090       14.8730       23.2880 
   1  H221      -10.6280       17.5550       28.9730 
   1  H211       -7.9570       14.4970       21.8170 
   1  H131       -9.9660       15.4860       23.6810 
   1  H121      -10.6560       16.5010       22.6800 
   1  H111      -10.2070       15.0700       22.1720 
   1   HZ1       -1.7990       17.6340       24.4600 
   1    HZ      -13.0120       10.3420       30.9490 
   1   HO1       -7.8600       19.6630       28.9620 
   1    HO      -12.4010       17.2890       26.4470 
   1   HN1      -11.4780       19.8780       27.7610 
   1   HE2      -14.2360       11.8870       32.2150 
   1   HE1      -12.2910       10.8320       28.7660 
   1   HD2      -14.6490       14.0440       31.3190 
   1   HD1      -12.6640       12.9990       27.8480 
   1   HC1       -8.6750       20.2630       27.0650 
   1    HC      -13.3840       17.4900       28.4180 
   1   HB3      -14.6470       15.5690       29.4630 
   1   HB2      -14.2250       15.0960       28.0380 
   1   HA1       -7.2430       17.8260       26.8730 
   1    HA      -11.8090       15.2210       28.8470 
   1   H33       -8.5470       16.1430       32.1660 
   1   H32       -8.9720       17.2610       33.2040 
   1   H31       -8.0860       16.0370       33.6780 
   1   H23      -10.6470       16.9070       34.8170 
   1   H22      -11.2960       15.4840       35.0650 
   1   H21       -9.7770       15.7370       35.4350 
   1   H13      -10.4730       13.5190       33.6380 
   1   H12       -9.4730       13.8150       32.4460 
   1   H11       -8.9610       13.8770       33.9440 
   1    H1       -7.7260       19.2180       24.5720 
   1     H      -12.8750       16.1860       31.1070 

